Wall time,Step,Value
1641976845.9777625,119,1.9793531894683838
1641976852.0646346,148,5.001343727111816
1641976855.1665335,163,3.0668997764587402
1641976855.3656843,164,3.99182391166687
1641976860.5104244,190,5.104816436767578
1641976863.3611732,204,4.006741523742676
1641976864.137799,208,4.328343868255615
1641976868.3559144,229,4.552837371826172
1641976875.5114074,265,5.526477813720703
1641976877.0794466,273,5.518299102783203
1641976880.839083,292,4.314454078674316
1641976883.3339002,304,9.047574043273926
1641976891.5112605,345,4.87545108795166
1641976894.5334756,360,5.629307746887207
1641976899.2251248,383,2.141984462738037
1641976899.8334157,386,2.2289962768554688
1641976906.764019,420,1.4288078546524048
1641976916.459338,467,5.051492214202881
1641976920.4054444,487,4.430163860321045
1641976923.7263975,503,10.224693298339844
1641976926.383237,516,5.906613349914551
1641976930.762528,538,4.449613571166992
1641976936.4096982,566,3.183934211730957
1641976938.4118328,576,1.345306396484375
1641976939.6142397,582,1.6982207298278809
1641976945.4459958,611,2.2728395462036133
1641976950.0140684,634,1.4316670894622803
1641976951.0712256,639,1.0237882137298584
1641976951.4744506,641,1.363006353378296
1641976954.6883652,657,1.0408660173416138
1641976955.9129047,663,1.5832180976867676
1641976962.3757503,695,2.254534959793091
1641976962.7870882,697,1.9053595066070557
1641976971.0389235,738,1.4488134384155273
1641976972.2285116,744,0.8572845458984375
1641976972.4252799,745,1.1947715282440186
1641976975.1953685,759,1.584831953048706
1641976978.6562567,776,0.4501355290412903
1641976988.243544,822,0.5554978847503662
1641976996.8569753,865,0.627234160900116
1641976999.0528412,876,0.766730785369873
1641977005.0431337,905,0.323441743850708
1641977015.831882,958,0.21850547194480896
1641977017.615206,967,0.3439708948135376
1641977021.652985,987,0.09183268249034882
1641977033.2822235,1043,1.5765469074249268
1641977044.9995937,1100,1.0212205648422241
1641977048.4106433,1116,0.7715979814529419
1641977050.7274184,1127,0.9676744341850281
1641977052.9477274,1138,0.8940650820732117
1641977056.692067,1157,0.07194836437702179
1641977059.6928518,1172,1.0174216032028198
1641977060.8677468,1178,0.28023838996887207
1641977067.4683125,1210,2.363917350769043
1641977067.8636343,1212,0.8750509023666382
1641977070.6855154,1226,1.3913421630859375
1641977072.0697649,1233,0.475938618183136
1641977075.9298024,1252,0.8957281708717346
1641977076.130672,1253,0.7449747323989868
1641977078.594168,1265,1.3737848997116089
1641977080.609794,1275,1.2101693153381348
1641977081.0519629,1277,0.6504760980606079
1641977082.7468538,1285,0.9382559657096863
1641977089.5641882,1319,0.9659038782119751
1641977096.3796585,1353,0.1592532992362976
1641977096.7958264,1355,0.9789218902587891
1641977097.385882,1358,0.09037801623344421
1641977098.1825452,1362,0.2459793984889984
1641977099.3944979,1368,1.330307126045227
1641977100.2021863,1372,0.10665365308523178
1641977111.320836,1426,0.39429330825805664
1641977115.4004147,1446,0.14753058552742004
1641977121.4370582,1476,0.1531255841255188
1641977121.636255,1477,0.9828800559043884
1641977129.983844,1518,0.07004234194755554
1641977138.1440856,1558,0.27550745010375977
1641977138.3435967,1559,0.35009193420410156
1641977145.5888233,1595,0.15013809502124786
1641977147.2937117,1603,0.19579456746578217
1641977148.9708178,1611,0.5156519412994385
1641977149.5942945,1614,0.12725380063056946
1641977156.6901033,1649,0.03166761249303818
1641977157.2842412,1652,0.07181902974843979
1641977160.1312652,1666,0.1870736926794052
1641977160.7227395,1669,0.020511407405138016
1641977164.1523893,1686,0.055219147354364395
1641977166.3818,1697,0.18220122158527374
1641977172.73817,1728,0.05170359089970589
1641977174.3662467,1736,0.019867289811372757
1641977181.563673,1771,0.3382699489593506
1641977184.5743449,1786,0.06142351031303406
1641977188.0550513,1803,0.06260381639003754
1641977188.4566495,1805,0.07481178641319275
1641977189.8748553,1812,1.2143025398254395
1641977203.3218393,1878,0.05858286842703819
1641977217.472833,1948,0.04353763163089752
1641977220.0974882,1961,0.3616504967212677
1641977221.5416389,1968,0.025747980922460556
1641977228.1770585,2000,7.0163116455078125
1641977228.8247674,2003,3.4594531059265137
1641977230.2395492,2010,3.100104331970215
1641977236.5263298,2041,1.8329691886901855
1641977240.53109,2061,1.3552460670471191
1641977240.727154,2062,1.2083685398101807
1641977244.3887432,2080,0.8349164128303528
1641977262.9785063,2171,0.37704044580459595
1641977264.7676315,2180,0.23451511561870575
1641977266.829046,2190,0.8453852534294128
1641977269.0932965,2201,0.33307895064353943
1641977291.2191827,2310,0.09489758312702179
1641977297.301179,2340,0.10886352509260178
1641977313.4614987,2420,0.6573894023895264
1641977321.5883234,2460,0.8239940404891968
1641977328.6927164,2495,0.2884087562561035
1641977337.277434,2537,0.19403709471225739
1641977338.2805665,2542,0.7607085108757019
1641977340.870974,2555,0.09861597418785095
1641977342.4863594,2563,0.4466921091079712
1641977343.0804799,2566,0.057658784091472626
1641977347.1257734,2586,1.6216835975646973
1641977350.8070962,2604,0.9527667164802551
1641977353.64778,2618,0.11395491659641266
1641977356.315448,2631,0.20841704308986664
1641977365.8659697,2678,0.29873719811439514
1641977366.0629098,2679,0.16654279828071594
1641977370.1888385,2700,0.3384201228618622
1641977375.887409,2728,0.33555617928504944
1641977377.5325148,2736,0.045732758939266205
1641977379.229328,2744,0.04110422730445862
1641977387.6062562,2785,0.043508559465408325
1641977389.3937654,2794,0.10386952757835388
1641977392.4344947,2809,0.730303168296814
1641977394.3383746,2818,0.08036370575428009
1641977397.7501588,2835,0.19508448243141174
1641977398.9478717,2841,0.13316099345684052
1641977401.5565193,2854,0.22206620872020721
1641977401.7599025,2855,0.2170884907245636
1641977402.0308962,2856,0.7931773662567139
1641977404.0093894,2866,0.8797743320465088
1641977404.6039,2869,0.1754748821258545
1641977407.9891498,2886,1.3945138454437256
1641977413.4208138,2913,0.3577932119369507
1641977417.885804,2935,0.5660557746887207
1641977419.8938699,2945,0.4753405451774597
1641977423.4167445,2962,0.638995349407196
1641977435.4862807,3022,4.572416305541992
1641977441.6827753,3053,1.4259825944900513
1641977442.2762089,3056,1.1433545351028442
1641977443.6789083,3063,2.156100273132324
1641977445.8636923,3074,0.2949753999710083
1641977458.4923866,3135,0.3796677589416504
1641977468.6656973,3184,0.11934909224510193
1641977468.8646276,3185,0.659281313419342
1641977472.765734,3204,1.0539014339447021
1641977472.98615,3205,0.14980845153331757
1641977473.2012053,3206,0.5824306607246399
1641977476.0307267,3220,0.5282508730888367
1641977476.2331014,3221,0.5585695505142212
1641977481.3798416,3246,0.5943043231964111
1641977487.0891297,3274,0.03178643062710762
1641977490.9202213,3293,0.05021567642688751
1641977492.3189135,3300,0.5171471238136292
1641977496.0100124,3318,0.0527949333190918
1641977496.6750455,3321,0.2025749683380127
1641977500.9528677,3342,0.5044759511947632
1641977505.8054228,3366,0.08860507607460022
1641977506.4237847,3369,0.6444575786590576
1641977514.083889,3407,0.22304002940654755
1641977521.0897193,3441,0.1598304808139801
1641977524.2885072,3457,0.3719348907470703
1641977534.0593708,3505,0.27100735902786255
1641977545.6239138,3562,0.16500292718410492
1641977550.0234056,3584,0.05188078433275223
1641977550.2213857,3585,0.3221855163574219
1641977551.619681,3592,0.1650913655757904
1641977553.5149112,3601,0.4677235186100006
1641977558.6914942,3627,0.035593532025814056
1641977567.037145,3667,1.0637435913085938
1641977567.6733255,3670,0.04865633696317673
1641977574.022858,3701,0.08640136569738388
1641977577.2607765,3717,0.2614249289035797
1641977584.9872503,3755,0.31565338373184204
1641977585.593093,3758,0.45031413435935974
1641977586.0000455,3760,0.13396111130714417
1641977586.4271796,3762,0.07886631786823273
1641977587.026028,3765,0.3099200129508972
1641977587.8309982,3769,0.010294021107256413
1641977588.4318497,3772,0.9834272265434265
1641977592.4097786,3791,0.07082104682922363
1641977596.9001398,3813,0.19274985790252686
1641977606.904935,3862,0.12334970384836197
1641977611.2168508,3883,1.3924387693405151
1641977624.6664886,3949,0.14000490307807922
1641977625.06474,3951,0.08516344428062439
1641977628.9193904,3970,0.24442483484745026
1641977635.6243634,4003,1.2532581090927124
1641977637.4243245,4012,0.8766177296638489
1641977638.2410831,4016,1.6351929903030396
1641977639.5370784,4022,1.602548599243164
1641977642.040803,4034,0.602234959602356
1641977642.6363206,4037,0.2978064715862274
1641977650.6990352,4076,0.045027412474155426
1641977658.3990026,4113,0.23140104115009308
1641977658.7945752,4115,1.4901587963104248
1641977660.6248193,4124,0.1723414957523346
1641977662.853828,4135,0.16829435527324677
1641977664.1030536,4141,0.3213319182395935
1641977665.522734,4148,0.16696777939796448
1641977673.082269,4185,7.424041748046875
1641977678.2490728,4210,2.9737625122070312
1641977679.4994235,4216,0.5043967962265015
1641977680.714497,4222,0.3081887364387512
1641977681.3315988,4225,0.6284588575363159
1641977685.9018085,4247,0.05924093350768089
1641977693.0038056,4282,0.038898903876543045
1641977695.217293,4293,0.10442180186510086
1641977702.3274052,4328,1.1764516830444336
1641977708.4508286,4358,1.135453224182129
1641977720.8300028,4419,0.08663356304168701
1641977722.859127,4429,0.45947086811065674
1641977736.439187,4496,0.07788145542144775
1641977746.1450217,4544,0.1677061915397644
1641977748.327198,4555,0.06749380379915237
1641977762.7517202,4626,0.141034334897995
1641977764.7617764,4636,0.5166816115379333
1641977765.661448,4640,0.16589654982089996
1641977770.959081,4665,0.1169871985912323
1641977780.4355786,4710,1.671705722808838
1641977781.111503,4713,0.5653455257415771
1641977789.117186,4750,0.29149290919303894
1641977796.8048246,4787,0.05551647022366524
1641977797.6430852,4791,0.01779610477387905
1641977798.0496778,4793,0.02866419404745102
1641977799.3143814,4799,0.022436808794736862
1641977801.385247,4808,0.07088551670312881
1641977806.4225776,4831,0.03902450203895569
1641977807.9330008,4838,0.03963480889797211
1641977817.7970808,4877,0.05170825868844986
1641977818.0645916,4878,0.058478616178035736
1641977824.5624635,4908,0.24909570813179016
1641977829.7018068,4931,0.7677631378173828
1641977830.152245,4933,0.27517053484916687
1641977830.8269138,4936,0.0692904144525528
1641977831.0505195,4937,0.02742094174027443
1641977832.8524647,4945,0.0928654670715332
1641977841.4585223,4983,0.018805626779794693
1641977847.823864,5011,2.189736843109131
1641977852.17265,5030,1.9774045944213867
1641977854.6642997,5041,4.2398247718811035
1641977856.6955876,5050,0.47468453645706177
1641977863.720899,5081,0.48938459157943726
1641977866.1974435,5092,1.3925325870513916
1641977878.8818786,5148,0.1107521504163742
1641977883.1804857,5167,1.4743077754974365
1641977886.1821892,5180,0.31919312477111816
1641977888.2084537,5189,0.5628171563148499
1641977888.6577196,5191,0.4296412467956543
1641977898.1711767,5233,0.19933736324310303
1641977899.0726042,5237,0.7787012457847595
1641977899.973305,5241,0.16816160082817078
1641977902.4467046,5252,0.5802246332168579
1641977903.1233823,5255,0.07547467947006226
1641977903.349104,5256,0.17246396839618683
1641977910.6241288,5288,0.5157798528671265
1641977913.6010911,5301,0.20410001277923584
1641977917.6976135,5319,0.08491183072328568
1641977919.2752943,5326,0.06769298017024994
1641977922.222144,5339,0.07388794422149658
1641977925.5885313,5354,0.016241032630205154
1641977927.6038265,5363,0.02537364512681961
1641977928.274982,5366,0.07777796685695648
1641977935.0518723,5396,0.013087034225463867
1641977940.538589,5420,0.012283043935894966
1641977941.2114513,5423,0.5812208652496338
1641977941.660786,5425,0.04283329099416733
1641977942.558483,5429,0.5885000824928284
1641977950.1944487,5463,0.06990018486976624
1641977952.045848,5471,0.13482379913330078
1641977958.7841547,5504,0.12010300159454346
1641977967.947861,5546,0.18012769520282745
1641977969.9710808,5555,0.04016323760151863
1641977971.0907352,5560,0.34242236614227295
1641977981.304283,5605,0.09384392946958542
1641977982.4430814,5610,0.07190001010894775
1641977985.1973999,5622,0.031280796974897385
1641977995.5995622,5668,0.06690473109483719
1641978018.368698,5768,0.015065284445881844
1641978032.683562,5831,0.3380478024482727
1641978038.7872593,5859,0.31634142994880676
1641978043.8827899,5882,0.24044181406497955
1641978055.4888523,5933,1.0762898921966553
1641978063.2521985,5967,0.3381772041320801
1641978066.1674173,5980,0.04029008001089096
1641978081.7881174,6049,0.09598623961210251
1641978083.5797668,6057,0.21856394410133362
1641978085.4405596,6065,0.595888078212738
1641978089.2640047,6082,0.5431477427482605
1641978092.866111,6098,0.20605984330177307
1641978095.6194074,6110,0.15368324518203735
1641978103.768203,6146,0.21805936098098755
1641978105.5599837,6154,0.012907398864626884
1641978111.2423737,6179,0.03664785623550415
1641978118.7405412,6212,0.07982434332370758
1641978119.2622416,6214,0.10016395151615143
1641978123.7635095,6234,0.0105630774050951
1641978124.887632,6239,0.00423508882522583
1641978125.337934,6241,0.029901176691055298
1641978125.78706,6243,0.04383198916912079
1641978144.7374074,6326,0.05074869096279144
1641978148.7669084,6344,0.064593106508255
1641978156.9291785,6380,0.04281079024076462
1641978157.4425836,6382,0.033504512161016464
1641978161.6050737,6401,0.011373120360076427
1641978168.592843,6433,0.1359928995370865
1641978169.0445364,6435,0.14692610502243042
1641978174.4187725,6459,0.2163659930229187
1641978174.622622,6460,0.03884948790073395
1641978175.6556895,6465,0.012544548138976097
1641978176.7518308,6470,0.008594214916229248
1641978200.3712451,6574,0.14746104180812836
1641978204.4178677,6592,0.050874013453722
1641978212.8998563,6629,0.09286530315876007
1641978213.585958,6632,0.05472636967897415
1641978216.9986544,6647,0.8488492965698242
1641978218.1394596,6652,0.02537926472723484
1641978221.7698185,6665,0.7636889815330505
1641978223.23122,6670,0.21833810210227966
1641978227.675148,6686,0.1114141047000885
1641978228.7326193,6691,0.055630333721637726
1641978230.7998152,6700,0.03594382852315903
1641978234.269309,6716,0.05773665010929108
1641978241.2345889,6750,0.1631578505039215
1641978246.165921,6774,0.14778319001197815
1641978255.9288332,6821,0.02285386249423027
1641978257.9932554,6831,0.11805518716573715
1641978258.7980206,6835,0.08400984108448029
1641978262.0296123,6851,0.13147617876529694
1641978264.3063242,6862,0.10205622762441635
1641978272.797485,6903,0.008633584715425968
1641978281.06483,6943,0.03850703686475754
1641978282.6860752,6951,0.21026906371116638
1641978284.496962,6960,0.40952420234680176
1641978287.8180118,6976,0.030025703832507133
1641978296.247132,7017,0.6769672632217407
1641978296.922759,7020,1.0918593406677246
1641978299.1793277,7031,0.1953267902135849
1641978308.3448524,7076,0.1237604096531868
1641978311.5806155,7092,0.05129576101899147
1641978312.5898798,7097,0.1378290206193924
1641978312.992495,7099,0.1110592931509018
1641978317.217917,7119,0.10361838340759277
1641978319.4568114,7130,0.18882615864276886
1641978324.6514928,7155,0.2174888253211975
1641978337.5756943,7218,0.019867414608597755
1641978338.1755633,7221,0.32683807611465454
1641978339.449038,7227,0.043592266738414764
1641978347.0816746,7265,0.839676022529602
1641978349.9431818,7279,0.24506737291812897
1641978350.3482478,7281,0.15481038391590118
1641978355.907507,7308,0.09121023118495941
1641978359.5608613,7326,0.1235630214214325
1641978365.2919683,7354,0.05507907271385193
1641978369.5045974,7375,0.14300431311130524
1641978376.470764,7409,0.06520670652389526
1641978381.7698247,7435,0.5700331330299377
1641978382.571143,7439,0.2563557028770447
1641978385.64424,7454,0.1698731780052185
1641978388.463931,7468,0.058910682797431946
1641978400.1558852,7525,0.03796493634581566
1641978402.3721218,7536,0.033745717257261276
1641978402.6481605,7537,0.05328548699617386
1641978408.295183,7565,0.5344671010971069
1641978409.1286256,7569,0.01050983089953661
1641978409.5270953,7571,0.01406136341392994
1641978411.9196172,7583,0.07943412661552429
1641978416.85431,7607,0.035100050270557404
1641978419.2732368,7619,0.021969715133309364
1641978420.8781216,7627,0.004788954742252827
1641978422.1023319,7633,0.10915333032608032
1641978424.4762094,7644,0.12964481115341187
1641978426.0870192,7652,0.06940841674804688
1641978426.4861665,7654,0.044765520840883255
1641978434.5650327,7694,0.03148583322763443
1641978436.490393,7703,0.034696314483881
1641978436.8978786,7705,0.025435134768486023
1641978437.5002,7708,0.012931017205119133
1641978443.8388476,7739,0.054237812757492065
1641978445.0472407,7745,0.11983021348714828
1641978448.385857,7761,0.021167583763599396
1641978462.220955,7828,0.017596960067749023
1641978462.8224185,7831,0.0031576701439917088
1641978468.1135442,7857,0.010226946324110031
1641978469.1402426,7862,0.05847223103046417
1641978475.8418574,7895,0.387835294008255
1641978476.0435245,7896,0.3039957284927368
1641978481.483181,7922,0.013988608494400978
1641978485.036344,7939,0.07070201635360718
1641978485.8871534,7943,0.06736252456903458
1641978487.5571387,7951,0.43793821334838867
1641978488.6082091,7956,0.04988119378685951
1641978488.8154135,7957,0.025909513235092163
1641978490.1344118,7963,0.23528489470481873
1641978496.8665295,7996,0.054636288434267044
1641978498.138759,8002,4.0934648513793945
1641978503.325495,8027,0.5682594180107117
1641978503.9530926,8030,1.2535651922225952
1641978515.6148086,8087,0.19091466069221497
1641978527.9493885,8147,0.6925532221794128
1641978529.5550501,8155,0.046600960195064545
1641978534.4862714,8179,0.09445405751466751
1641978538.1222384,8197,0.06353522092103958
1641978543.4722357,8223,0.14574934542179108
1641978547.9820879,8245,0.40262651443481445
1641978551.859517,8264,0.016306187957525253
1641978552.0590653,8265,0.6275922060012817
1641978557.7778015,8293,0.07617941498756409
1641978562.6924243,8317,0.03457487374544144
1641978565.4337795,8330,0.14192812144756317
1641978570.6965787,8356,0.005858265329152346
1641978575.2450082,8378,0.11806276440620422
1641978576.4679682,8384,0.15464544296264648
1641978578.0891817,8392,0.007358696777373552
1641978579.1116393,8397,0.07866092026233673
1641978590.6960652,8453,0.024390390142798424
1641978592.9525702,8464,0.04670349508523941
1641978595.834898,8478,0.04040081053972244
1641978599.9654365,8498,0.040115684270858765
1641978602.862305,8512,0.03933211788535118
1641978603.8666167,8517,0.11480111628770828
1641978619.3221738,8592,0.06531067192554474
1641978625.400956,8622,0.024761367589235306
1641978627.2095964,8631,0.06098095327615738
1641978630.949037,8649,0.08261675387620926
1641978632.1658397,8655,0.027977272868156433
1641978633.9723394,8664,0.3123509883880615
1641978645.1941326,8719,0.10952049493789673
1641978646.996566,8728,0.07670262455940247
1641978653.5588632,8760,0.2541855275630951
1641978654.3717642,8764,0.10004011541604996
1641978660.7012804,8795,0.19146592915058136
1641978661.9667149,8801,0.12609261274337769
1641978665.5751016,8819,0.03803885728120804
1641978666.7777362,8825,0.004600015934556723
1641978672.4791372,8853,0.07164008915424347
1641978672.8794537,8855,0.044985949993133545
1641978677.3290188,8877,0.0564231276512146
1641978677.7573152,8879,0.20442309975624084
1641978686.9996796,8924,0.5687690377235413
1641978689.0678737,8934,0.10784120112657547
1641978695.5645895,8966,0.015818744897842407
1641978696.5656574,8971,0.017078962177038193
1641978697.9748046,8978,0.1280922144651413
1641978700.230102,8989,0.019954703748226166
1641978706.186178,9018,1.0493336915969849
1641978706.9932504,9022,0.38258302211761475
1641978720.0852518,9086,0.1141795665025711
1641978721.1136672,9091,0.07421854138374329
1641978724.4465992,9107,0.033160071820020676
1641978729.9612205,9134,0.08198966830968857
1641978733.2378752,9150,0.22516131401062012
1641978735.1346734,9159,0.08459751307964325
1641978737.5765986,9171,0.07817335426807404
1641978747.4521036,9218,0.030042849481105804
1641978748.258593,9222,0.10821652412414551
1641978754.5648544,9253,0.5334204435348511
1641978762.2697592,9291,0.06998105347156525
1641978764.9846919,9304,0.03852713853120804
1641978766.8279047,9313,0.1477055698633194
1641978768.9437559,9323,0.04236547648906708
1641978769.7473335,9327,0.05986930802464485
1641978775.124984,9353,0.03488492965698242
1641978783.0834749,9392,0.19866381585597992
1641978785.6202703,9404,0.05374668538570404
1641978786.048707,9406,0.06080325320363045
1641978787.4638648,9413,0.1818152666091919
1641978790.5944905,9428,0.08281562477350235
1641978794.3017092,9446,0.05578038841485977
1641978797.1174963,9460,0.022771798074245453
1641978798.3244889,9466,0.11012157797813416
1641978799.7309933,9473,0.06797812134027481
1641978800.8426907,9478,0.059281401336193085
1641978802.898715,9488,0.28424909710884094
1641978814.4651744,9544,0.08560234308242798
1641978817.1049778,9557,0.014517929404973984
1641978823.8125792,9589,0.049250368028879166
1641978824.2407627,9591,0.055015698075294495
1641978834.051921,9639,0.054171353578567505
1641978835.872736,9648,0.0884728878736496
1641978837.6802118,9657,0.04398294538259506
1641978839.6965375,9667,0.06721536815166473
1641978845.245257,9694,0.07677359879016876
1641978848.1638803,9708,0.4252467155456543
1641978861.237147,9772,0.03475276753306389
1641978861.4376237,9773,0.006867327727377415
1641978865.5928776,9793,0.1438629925251007
1641978868.0666633,9805,0.0034196896012872458
1641978869.6934912,9813,0.3651052713394165
1641978874.5830157,9837,0.040152862668037415
1641978878.1213849,9854,0.14042164385318756
1641978878.322768,9855,0.02919880300760269
1641978882.0299659,9873,0.04767703264951706
1641978890.4820747,9914,0.026224883273243904
1641978892.6934564,9925,0.034193962812423706
1641978895.3513205,9938,0.08046969026327133
1641978897.9663827,9951,0.05413166061043739
1641978901.5603812,9968,0.045413658022880554
1641978907.0916307,9995,0.20027035474777222
1641978909.1939962,10005,3.9025497436523438
1641978911.6661792,10017,2.153367280960083
1641978911.8793974,10018,1.533995509147644
1641978918.1602902,10049,0.17714354395866394
1641978918.3614314,10050,0.6211564540863037
1641978918.5672376,10051,0.7462982535362244
1641978920.6296866,10061,0.18058712780475616
1641978923.2572849,10074,0.3504596948623657
1641978924.4954906,10080,0.3682263493537903
1641978926.112966,10088,0.04727206379175186
1641978927.326352,10094,0.11515267193317413
1641978941.7206457,10164,0.09219270944595337
1641978947.172228,10191,0.0531669445335865
1641978953.5454025,10222,0.013893293216824532
1641978954.5505214,10227,0.010458370670676231
1641978956.9844697,10239,0.07858815789222717
1641978967.823513,10292,0.02354591153562069
1641978971.3772972,10309,0.044712793081998825
1641978972.8078384,10316,0.016313770785927773
1641978983.860863,10370,0.10502178221940994
1641978986.157723,10381,0.031706102192401886
1641978998.8164234,10443,0.01577785797417164
1641978999.4225607,10446,0.09357374906539917
1641978999.624497,10447,0.06697920709848404
1641979009.687482,10496,0.04097885638475418
1641979019.9883666,10546,0.06231909990310669
1641979021.2012224,10552,0.029177632182836533
1641979021.401522,10553,0.050929442048072815
1641979022.645369,10559,0.03062574565410614
1641979031.7766938,10602,0.05223432183265686
1641979035.4774144,10619,0.057668861001729965
1641979042.657459,10652,0.03379524499177933
1641979044.7250962,10662,0.04955153167247772
1641979047.2091599,10674,0.021554211154580116
1641979052.0520952,10697,0.0742209404706955
1641979055.931377,10715,0.04463041573762894
1641979060.2609851,10734,0.06853698194026947
1641979062.4482484,10744,0.008405711501836777
1641979062.9663496,10746,0.007069607265293598
1641979076.5118718,10808,0.008402052335441113
1641979078.8676543,10818,0.06442004442214966
1641979080.3784573,10825,0.03486957773566246
1641979081.4777236,10830,0.04610733687877655
1641979084.9560122,10846,0.06214325129985809
1641979086.564352,10853,0.05809260532259941
1641979090.9672036,10872,0.038835570216178894
1641979106.7418218,10943,0.0641234889626503
1641979119.2313297,10998,0.025629401206970215
1641979137.2621386,11077,0.02456219494342804
1641979148.1930404,11123,0.061172887682914734
1641979148.429142,11124,0.17346027493476868
1641979149.6089957,11129,0.09373072534799576
1641979151.5016394,11137,0.05964022874832153
1641979155.6146934,11155,0.12138359248638153
1641979168.5937908,11195,0.044365044683218
1641979174.1658945,11219,0.10375407338142395
1641979175.506239,11225,0.006447233259677887
1641979175.707622,11226,0.025712016969919205
1641979182.7550485,11260,0.02930339053273201
1641979184.9620013,11271,0.005982805974781513
1641979192.786064,11309,0.05670643597841263
1641979193.5956798,11313,0.059142857789993286
1641979194.810253,11319,0.02122144214808941
1641979196.2356627,11326,0.038066111505031586
1641979196.4401793,11327,0.03300688415765762
1641979202.670245,11357,0.03723971173167229
1641979217.9386039,11431,0.0671105831861496
1641979218.1450639,11432,0.07927997410297394
1641979225.034258,11465,0.04518502950668335
1641979231.539604,11495,0.06923146545886993
1641979233.7054079,11505,0.04580086097121239
1641979234.7366278,11510,0.05564499273896217
1641979242.284191,11544,0.04909418895840645
1641979243.3470051,11549,0.01396155171096325
1641979243.7721198,11551,0.009399298578500748
1641979246.0414867,11562,0.04388346150517464
1641979246.4525838,11564,0.026272576302289963
1641979259.5212579,11627,0.07396018505096436
1641979269.3307526,11671,0.02263956516981125
1641979271.151637,11679,0.05385059863328934
1641979278.534017,11712,0.04407939314842224
1641979297.6101172,11797,0.0478738471865654
1641979307.1497037,11837,0.05573523789644241
1641979311.891121,11857,0.062291618436574936
1641979314.0930667,11866,0.04693753272294998
1641979318.9657881,11887,0.01376392599195242
1641979326.352174,11918,0.1000228226184845
1641979326.8190117,11920,0.14085981249809265
1641979327.7579412,11924,0.03610467165708542
1641979330.8438,11937,0.05789336562156677
1641979332.6204026,11945,0.091242715716362
1641979333.2761369,11948,0.10274758189916611
1641979334.121201,11952,0.040418289601802826
1641979337.8891022,11968,0.0339784100651741
1641979340.2845752,11977,0.010314111597836018
1641979341.8949609,11983,0.0022062447387725115
1641979349.872438,12020,1.063725233078003
1641979354.8497558,12042,0.3022683262825012
1641979358.0384395,12056,0.18208765983581543
1641979361.4918773,12071,0.16612884402275085
1641979361.9038975,12073,0.6839928030967712
1641979363.2291696,12078,0.03353102132678032
1641979372.722652,12113,0.12495268881320953
1641979376.6700804,12128,0.1397583782672882
1641979384.812053,12158,0.029321251437067986
1641979386.1912284,12164,0.011011205613613129
1641979387.255328,12169,0.018328864127397537
1641979389.0080144,12177,0.05334026366472244
1641979402.737413,12236,0.08418942242860794
1641979411.694456,12276,0.019737491384148598
1641979412.6056705,12280,0.022956309840083122
1641979419.7489502,12311,0.025913730263710022
1641979425.295582,12336,0.06298570334911346
1641979427.7894607,12347,0.0433114692568779
1641979431.4058833,12363,0.06713557243347168
1641979433.3833377,12372,0.09077852219343185
1641979440.502017,12403,0.049920737743377686
1641979440.9524984,12405,0.02121691033244133
1641979441.8555684,12409,0.04527289420366287
1641979443.659623,12417,0.027476917952299118
1641979450.2901664,12446,0.04404420405626297
1641979452.3183157,12455,0.09755177795886993
1641979455.047287,12467,0.05595532804727554
1641979455.9524987,12471,0.10765054076910019
1641979461.8740177,12495,0.007425669580698013
1641979463.0509222,12499,0.012356911785900593
1641979463.6971657,12501,0.022945210337638855
1641979468.4557214,12522,0.03748661279678345
1641979468.6830244,12523,0.033548809587955475
1641979472.1017241,12538,0.18906717002391815
1641979473.4704278,12544,0.07130642235279083
1641979474.8366265,12550,0.04823291301727295
1641979481.199492,12577,0.1084938645362854
1641979481.6715128,12579,0.08144661784172058
1641979482.147485,12581,0.06291364133358002
1641979492.2104743,12623,0.10705796629190445
1641979499.5139797,12655,0.05945881828665733
1641979510.62348,12702,0.0830661728978157
1641979521.5172586,12749,0.0053434716537594795
1641979522.6505988,12754,0.02128675766289234
1641979528.6171875,12780,0.06956218183040619
1641979535.098248,12809,0.0329463928937912
1641979551.1578119,12883,0.08000046759843826
1641979553.0176127,12892,0.09699790179729462
1641979566.7206998,12948,0.03895684704184532
1641979569.281842,12959,0.07219178974628448
1641979579.8172543,13002,4.012519359588623
1641979580.7325256,13006,6.018888473510742
1641979584.7030072,13023,0.7906750440597534
1641979589.749255,13045,0.0428190715610981
1641979596.1255162,13073,0.04158535599708557
1641979597.0311143,13077,0.1274440884590149
1641979601.8522916,13098,0.04384724050760269
1641979604.837034,13111,0.008882776834070683
1641979608.0020776,13125,0.003041614545509219
1641979608.905371,13129,0.019744955003261566
1641979610.7841275,13137,0.006329297088086605
1641979611.0102918,13138,0.020081575959920883
1641979613.2845438,13148,0.012721208855509758
1641979613.5113516,13149,0.07083525508642197
1641979622.6729863,13189,0.07738211750984192
1641979623.5813835,13193,0.08061389625072479
1641979645.478108,13289,0.05598725005984306
1641979651.1539557,13311,0.03494752198457718
1641979655.6596253,13328,0.074965700507164
1641979657.308493,13335,0.050671905279159546
1641979659.772049,13344,0.03602707386016846
1641979661.6516027,13351,0.03040452115237713
1641979664.6152284,13362,0.050645940005779266
1641979675.1449707,13405,0.021716590970754623
1641979685.190869,13450,0.1528087556362152
1641979693.8634245,13489,0.12961997091770172
1641979700.9603019,13519,0.05009786784648895
1641979710.623905,13556,0.10907400399446487
1641979727.5282595,13623,0.05776458978652954
1641979729.5584033,13632,0.013364067301154137
1641979729.7832525,13633,0.14164668321609497
1641979733.8345394,13651,0.050567664206027985
1641979735.636618,13659,0.07832027971744537
1641979739.683312,13677,0.07789693772792816
1641979742.4007006,13689,0.0739763081073761
1641979750.4404445,13724,0.04648272693157196
1641979754.7381577,13743,0.09548545628786087
1641979755.1930113,13745,0.08726503700017929
1641979755.8759704,13748,0.04276648163795471
1641979758.8168468,13761,0.07979422807693481
1641979768.4405122,13803,0.0019020752515643835
1641979771.6080668,13817,0.004531094338744879
1641979776.197063,13837,0.006132163107395172
1641979781.401404,13860,0.010702833533287048
1641979791.494982,13903,0.1301058828830719
1641979798.635746,13932,0.00851469673216343
1641979802.8650439,13950,0.024600278586149216
1641979812.741591,13991,0.005960117094218731
1641979819.717045,14017,2.0960352420806885
1641979833.5000722,14072,0.06359346956014633
1641979835.6127267,14081,0.11006633192300797
1641979842.1024482,14107,0.09070734679698944
1641979850.1731167,14136,0.07317979633808136
1641979853.1864436,14147,0.07812877744436264
1641979867.2879603,14203,0.030797256156802177
1641979869.8453426,14214,0.0709046944975853
1641979873.1006625,14228,0.11226112395524979
1641979876.072461,14241,0.08052516728639603
1641979880.4724362,14259,0.046272698789834976
1641979884.9915583,14278,0.07098999619483948
1641979887.6181118,14289,0.05677119269967079
1641979889.0433326,14295,0.06753324717283249
1641979892.0246022,14307,0.03243833780288696
1641979894.5835161,14318,0.05433109030127525
1641979895.9979515,14324,0.09270843863487244
1641979896.234799,14325,0.07899723947048187
1641979904.2061284,14359,0.019571304321289062
1641979905.7500706,14366,0.05760861933231354
1641979925.5197475,14450,0.04544861987233162
1641979926.6886332,14455,0.08070692420005798
1641979928.4210732,14462,0.038086581975221634
1641979929.5864587,14467,0.06197039783000946
1641979929.8191025,14468,0.08634285628795624
1641979931.608324,14476,0.04554083198308945
1641979937.233594,14500,0.20976607501506805
1641979937.5148318,14501,0.05902280658483505
1641979938.683054,14506,0.04498586803674698
1641979941.9278421,14520,0.04160666838288307
1641979943.734512,14528,0.02655092440545559
1641979943.9620013,14529,0.12210363149642944
1641979945.7697806,14537,0.03473576903343201
1641979959.3506286,14595,0.07501810789108276
1641979959.8238795,14597,0.055020883679389954
1641979969.0659292,14636,0.15718400478363037
1641979969.302128,14637,0.10619981586933136
1641979972.0968032,14649,0.03557031229138374
1641979978.962905,14678,0.0423031747341156
1641979989.950453,14724,0.08935988694429398
1641979995.1176338,14746,0.10648606717586517
1641980018.8074958,14846,0.03363332897424698
1641980022.1856709,14861,0.10551528632640839
1641980026.0078566,14878,0.028001010417938232
1641980027.931964,14886,0.048777807503938675
1641980035.986415,14920,0.08048060536384583
1641980041.1861076,14941,0.06827980279922485
1641980043.7935557,14952,0.07661532610654831
1641980046.8390841,14965,0.11748500168323517
1641980047.7836611,14969,0.03524734079837799
1641980055.096325,15000,7.287701606750488
1641980056.275753,15005,2.38978910446167
1641980057.628893,15011,2.1286375522613525
1641980060.1099122,15022,0.31843677163124084
1641980061.0131195,15026,0.5438434481620789
1641980064.5125506,15041,0.407561719417572
1641980067.7323732,15055,0.11728788912296295
1641980082.7318242,15120,0.07872550189495087
1641980093.3503578,15166,0.03984063118696213
1641980093.5861433,15167,0.354394793510437
1641980094.5318031,15171,0.03614044189453125
1641980101.8741655,15199,0.04514653980731964
1641980104.7660522,15211,0.06523717194795609
1641980107.1377876,15221,0.04068766534328461
1641980108.0615728,15225,0.04082787409424782
1641980111.1818283,15239,0.04712989181280136
1641980114.8233745,15254,0.06705011427402496
1641980120.212813,15277,0.13720308244228363
1641980122.2473392,15286,0.11498083174228668
1641980125.38669,15300,0.10973262786865234
1641980152.4812942,15419,0.04067840427160263
1641980156.0843315,15435,0.05356082692742348
1641980159.2345178,15449,0.03063102811574936
1641980162.4657574,15463,0.08208589255809784
1641980164.496345,15472,0.07489275187253952
1641980171.1070402,15501,0.0954916700720787
1641980175.460768,15520,0.13478435575962067
1641980179.227757,15536,0.03786328062415123
1641980180.5818853,15542,0.0825769305229187
1641980184.0068777,15557,0.027390513569116592
1641980185.415422,15563,0.10416832566261292
1641980191.9361792,15591,0.03245970606803894
1641980192.3929234,15593,0.053824979811906815
1641980194.2592092,15601,0.05880049616098404
1641980219.4956453,15711,0.4502484202384949
1641980224.7961674,15734,0.04822072759270668
1641980226.161584,15739,0.06152349337935448
1641980233.6097395,15769,0.02468341775238514
1641980240.683216,15801,0.042653508484363556
1641980243.2673328,15813,0.062110643833875656
1641980245.7073312,15823,0.03930983692407608
1641980252.5564897,15850,0.0438208132982254
1641980255.0197945,15861,0.024408362805843353
1641980260.3332946,15884,0.10285429656505585
1641980261.9118469,15891,0.04912472888827324
1641980262.5888832,15894,0.10888358950614929
1641980264.432594,15902,0.09028828144073486
1641980265.4990792,15907,0.04672764241695404
1641980267.2037938,15915,0.06084052845835686
1641980268.4854236,15921,0.022489845752716064
1641980270.907023,15932,0.09004078805446625
1641980280.7944171,15974,0.051278941333293915
1641980281.2493877,15976,0.06378751993179321
1641980291.8641791,16022,2.5560970306396484
1641980292.0910358,16023,1.3626306056976318
1641980301.2726395,16063,0.025183774530887604
1641980305.3937874,16081,0.05796773359179497
1641980313.0999117,16114,0.06491239368915558
1641980317.4675987,16133,0.034386783838272095
1641980319.7260723,16143,0.053949326276779175
1641980327.4700723,16177,0.0277035441249609
1641980334.1200697,16206,0.07544389367103577
1641980336.831083,16218,0.04044672101736069
1641980338.6363463,16226,0.10226963460445404
1641980344.3238006,16251,0.18695029616355896
1641980352.325768,16286,0.06710939854383469
1641980352.5538323,16287,0.10040529072284698
1641980363.980829,16337,0.06851263344287872
1641980364.6585262,16340,0.03798220306634903
1641980365.1100278,16342,0.04735584557056427
1641980366.463199,16348,0.0458933524787426
1641980381.5918758,16414,0.09817513078451157
1641980388.8693554,16445,0.08107109367847443
1641980389.3251655,16447,0.058257490396499634
1641980399.7780106,16493,0.1071772426366806
1641980404.1475942,16512,0.13793835043907166
1641980404.3863804,16513,0.05281544104218483
1641980404.8519754,16515,0.08519944548606873
1641980407.9294777,16528,0.07854890823364258
1641980421.4389527,16585,0.06194710358977318
1641980422.1454809,16588,0.09065026044845581
1641980437.7391186,16655,0.028014101088047028
1641980448.214558,16704,0.06537524610757828
1641980448.6243496,16706,0.01921505481004715
1641980450.7672768,16716,0.061089612543582916
1641980458.7892551,16751,0.12016855180263519
1641980460.853427,16760,0.04099063202738762
1641980477.1996515,16832,0.048660390079021454
1641980478.1904054,16836,0.060862913727760315
1641980491.6475427,16894,0.04307929426431656
1641980497.0293,16917,0.06459347158670425
1641980501.3040645,16935,0.057095661759376526
1641980508.148952,16965,0.033383436501026154
1641980508.6005924,16967,0.043483033776283264
1641980511.772864,16981,0.07222794741392136
1641980512.4580839,16984,0.02642788738012314
1641980518.525853,17008,1.2895383834838867
1641980527.702219,17048,0.11220419406890869
1641980528.7499897,17052,0.07331284135580063
1641980541.7079086,17103,0.16047941148281097
1641980545.3988736,17117,0.07761025428771973
1641980552.1992877,17144,0.049157679080963135
1641980555.0891745,17155,0.04004797339439392
1641980555.802954,17158,0.05536779761314392
1641980560.1083114,17177,0.06907716393470764
1641980570.2431111,17221,0.037383563816547394
1641980571.6396275,17227,0.03085183911025524
1641980571.8684404,17228,0.06755412369966507
1641980576.1111798,17244,0.055879123508930206
1641980579.302243,17256,0.08031206578016281
1641980588.435305,17292,0.03529743105173111
1641980591.8421164,17308,0.09581024944782257
1641980596.45265,17330,0.1384149044752121
1641980596.8600876,17332,0.07991615682840347
1641980600.791783,17351,0.14332765340805054
1641980603.58757,17364,0.0604076161980629
1641980603.814737,17365,0.026155298575758934
1641980604.343074,17367,0.06652562320232391
1641980605.9408724,17374,0.04815666750073433
1641980607.7611687,17382,0.04143810272216797
1641980633.6082683,17495,0.040677107870578766
1641980640.389954,17524,0.02679002285003662
1641980642.2883081,17532,0.07705628126859665
1641980642.5263767,17533,0.09010741114616394
1641980661.7131674,17616,0.054821260273456573
1641980663.304238,17623,0.07475793361663818
1641980672.7012281,17664,0.078829325735569
1641980685.0526648,17718,0.09691973775625229
1641980688.46201,17733,0.05262434110045433
1641980688.6886835,17734,0.06238791346549988
1641980692.2449687,17749,0.03227318823337555
1641980692.5079262,17750,0.09879140555858612
1641980698.0141296,17772,0.12917566299438477
1641980701.9355998,17789,0.028786951676011086
1641980704.1648407,17798,0.07819639146327972
1641980712.278652,17832,0.07808709889650345
1641980719.3589768,17862,0.0693109780550003
1641980721.089762,17869,0.14683112502098083
1641980732.324584,17915,0.04958214610815048
1641980743.4346423,17964,0.04249991476535797
1641980745.6993632,17974,0.0394187867641449
1641980747.2892368,17981,0.11310343444347382
1641980747.5165663,17982,0.07717008888721466
1641980748.4365315,17986,0.03347056731581688
1641980756.7997975,18025,2.6299569606781006
1641980759.076622,18036,1.0287933349609375
1641980762.5959344,18053,1.9244532585144043
1641980765.1144662,18065,1.6980462074279785
1641980774.6016743,18106,0.7360360026359558
1641980775.4881663,18109,0.43086710572242737
1641980782.615328,18136,0.6544543504714966
1641980784.4679081,18143,0.2231070101261139
1641980789.952663,18165,0.3505489230155945
1641980793.5648544,18181,0.6270594596862793
1641980794.6911447,18186,0.2781745195388794
1641980795.3688378,18189,0.40085369348526
1641980800.1648002,18210,0.3535107374191284
1641980802.9469528,18222,0.30792510509490967
1641980804.7563848,18230,0.1210748702287674
1641980805.6682594,18234,0.2662217915058136
1641980806.574858,18238,0.5077935457229614
1641980822.5441468,18308,0.14206808805465698
1641980839.9163203,18377,0.09666983783245087
1641980846.8073657,18406,0.6552042961120605
1641980852.3002431,18429,0.2052985429763794
1641980853.2257006,18433,0.4560583829879761
1641980856.293726,18446,0.13651034235954285
1641980861.165266,18467,0.09468262642621994
1641980863.0280652,18475,0.5929465293884277
1641980870.2061205,18505,0.4765675663948059
1641980870.442689,18506,0.1351058930158615
1641980873.2748082,18518,0.1794605404138565
1641980876.1114361,18530,0.07045221328735352
1641980877.9612503,18538,0.45074349641799927
1641980879.5645127,18545,0.20944593846797943
1641980881.8357856,18555,0.28773435950279236
1641980885.0276031,18569,0.07180282473564148
1641980887.984445,18582,0.1833319365978241
1641980890.108591,18591,0.2589431405067444
1641980894.6854398,18611,0.1945686638355255
1641980897.407328,18623,0.05664961785078049
1641980902.0220516,18643,0.5351343750953674
1641980912.2799234,18687,0.29168766736984253
1641980919.179186,18717,0.22173191606998444
1641980919.6253095,18719,0.10430169850587845
1641980920.3316145,18722,0.06913749873638153
1641980920.5639887,18723,0.16770005226135254
1641980923.3671722,18735,0.26395851373672485
1641980924.5460682,18740,0.18496690690517426
1641980926.041274,18746,0.07871454954147339
1641980932.4271345,18773,0.104890838265419
1641980953.0442722,18859,0.4231647253036499
1641980953.2810178,18860,0.10354901850223541
1641980954.6980748,18866,0.07627353072166443
1641980955.4055138,18869,0.05757076293230057
1641980958.2470884,18881,0.09382547438144684
1641980961.7926924,18896,0.10406787693500519
1641980980.1845243,18973,0.30064284801483154
1641980986.28829,18999,0.2454579919576645
1641980987.7524214,19005,1.6243882179260254
1641980987.9887326,19006,3.5438232421875
1641980994.2143948,19032,0.8707188367843628
1641980996.310396,19041,0.39132046699523926
1641981002.2125537,19066,0.1948494017124176
1641981008.2829566,19092,0.4459717571735382
1641981018.910548,19137,0.505944550037384
1641981019.6122217,19140,0.472234845161438
1641981024.735569,19162,0.4242033362388611
1641981033.6385198,19200,0.44020581245422363
1641981036.0101104,19210,0.11991853266954422
1641981036.9371605,19214,0.23043635487556458
1641981037.1701257,19215,0.3322712182998657
1641981059.0983365,19310,0.19852346181869507
1641981059.5648758,19312,0.10921908915042877
1641981060.727094,19317,0.44546014070510864
1641981074.6730564,19377,0.39261046051979065
1641981075.2267535,19379,0.29999852180480957
1641981082.4487424,19410,0.5422391295433044
1641981084.7523115,19420,0.11614300310611725
1641981096.309265,19470,0.4997546076774597
1641981098.1610458,19478,0.17847326397895813
1641981101.6659083,19493,0.15490934252738953
1641981104.0166426,19503,0.4869789481163025
1641981104.9342644,19507,0.14655224978923798
1641981108.1555018,19521,0.3856479525566101
1641981114.4248538,19548,0.503393828868866
1641981118.5832691,19566,0.35654497146606445
1641981120.6575305,19575,0.25048527121543884
1641981121.5805404,19579,0.02419055439531803
1641981126.2627606,19599,0.09217435121536255
1641981127.004932,19602,0.06977303326129913
1641981137.4462783,19647,0.037445783615112305
1641981154.0533967,19718,0.06262356042861938
1641981157.6841805,19734,0.044425856322050095
1641981158.367053,19737,0.03247416764497757
1641981162.5070472,19755,0.040419161319732666
1641981164.1465967,19762,0.027915190905332565
1641981173.4058013,19802,0.059806112200021744
1641981179.4774837,19828,0.057033538818359375
1641981187.8473694,19864,0.007326733786612749
1641981188.3092034,19866,0.0069860657677054405
1641981189.2294505,19870,0.0936352014541626
1641981190.61391,19876,0.0460222028195858
1641981203.682872,19932,0.024529457092285156
1641981205.9806356,19942,0.05670260265469551
1641981207.3641794,19948,0.04060940816998482
1641981210.650753,19962,0.019625786691904068
1641981218.4964166,19996,0.032716795802116394
1641981219.4190302,20000,6.740591526031494
